# Created by Octave 5.1.0, Tue Sep 10 10:57:16 2019 GMT <unknown@DESKTOP-3UFRADP>
# name: allUsbl
# type: global matrix
# rows: 1449
# columns: 3
 2.4809999465942378 0.27799999999115238 -0.21499999985098839
 4.0880000591278076 0.1069999999599531 0.1090000001713634
 10.670000076293951 -0.074000000022351742 1.645000000484288
 12.24600005149841 0.086000000010244548 1.5930000003427269
 13.82599997520447 -0.18599999998696151 1.5619999999180441
 19.68799996376038 0.20799999998416749 1.344000000506639
 21.247999906539921 -0.038000000000465661 1.152999999932945
 22.838000059127811 -0.18499999999767169 0.80900000035762787
 24.414999961853031 0.1119999999646097 0.67200000025331974
 25.989000082015991 0.59399999998277053 0.43500000052154059
 27.578999996185299 0.15700000000651931 0.16200000047683721
 29.13899993896484 0.60599999997066334 -0.23099999967962501
 30.700000047683719 0.65100000001257285 -0.33799999952316279
 32.259999990463257 -0.1240000000107102 -0.41799999959766859
 45.134999990463257 0.77399999997578561 -0.13199999928474429
 46.723999977111824 0.97800000000279397 -0.071999999694526196
 48.296999931335449 0.42900000000372529 -0.061999999918043613
 49.858000040054321 0.68900000001303852 -0.044999999925494187
 51.447000026702881 0.76199999998789281 -0.059999999590218067
 53.039999961853027 0.89499999996041879 -0.07799999974668026
 54.63100004196167 0.48599999997532001 -0.058999999426305287
 56.207000017166138 0.48599999997532001 -0.058999999426305287
 57.75 0.79300000000512227 -0.1169999996200204
 59.331000089645393 0.16300000000046569 -0.054999999701976783
 60.88700008392334 0.40299999999115238 -0.055999999865889549
 62.450999975204468 0.74299999995855615 -0.1239999998360872
 64.01200008392334 0.81899999995948747 -0.10599999967962501
 65.585999965667725 0.35899999999674043 -0.087999999523162842
 67.144999980926514 -0.059999999997671687 -0.046000000089406967
 68.703999996185303 0.47499999997671688 -0.086999999359250069
 70.313999891281128 0.75699999998323619 -0.063000000081956387
 71.888999938964844 0.17900000000372529 -0.093999999575316906
 73.482000112533569 0.34899999998742709 -0.054999999701976783
 75.036999940872192 0.78700000001117587 -0.15499999932944769
 76.630000114440918 0.88899999996647239 -0.151999999769032
 78.190999984741211 0.50799999997252598 -0.1509999996051192
 79.750999927520752 0.38399999996181577 -0.12799999956041569
 81.338000059127808 0.58899999997811392 -0.24099999945610759
 82.897000074386597 0.1840000000083819 -0.19299999997019771
 84.460000038146973 0.1009999999660067 -0.12899999972432849
 86.019999980926514 0.33299999998416752 -0.15899999998509881
 87.608999967575073 0.44799999997485429 -0.23399999924004081
 89.171999931335449 -0.18200000002980229 -0.016999999992549419
 90.760999917984009 0.15700000000651931 -0.17599999997764831
 92.33899998664856 0.121999999973923 -0.025999999605119228
 93.898000001907349 0.3030000000144355 -0.1200000001117587
 95.45799994468689 -0.48800000001210719 -0.2229999992996454
 97.062000036239624 -1.460000000020955 -0.84299999941140413
 102.65199995040889 -1.753000000026077 -0.93999999947845936
 104.2260000705719 -0.81500000000232831 -1.8439999995753169
 105.8039999008179 -1.885000000009313 -1.661999999545515
 107.3789999485016 -1.646000000007916 -2.8989999992772941
 108.9719998836517 -1.8990000000339931 -3.049999999813735
 110.54699993133541 -1.2349999999860299 -2.7889999998733401
 112.10800004005431 -2.084000000031665 -2.3719999995082621
 113.6989998817444 -2.2260000000242139 -2.605999999679625
 115.3120000362396 -2.2289999999920842 -2.526999999769032
 116.8810000419617 -2.378000000026077 -2.3549999995157118
 118.4760000705719 -3.1380000000353898 -2.3249999992549419
 120.0490000247955 -4.5670000000391164 -2.4879999998956919
 121.6400001049042 -3.7790000000386499 -2.4639999996870761
 123.23699998855589 -3.5130000000353898 -2.695999999530613
 124.8210000991821 -4.356000000028871 -2.7569999992847438
 126.3989999294281 -4.8030000000144346 -3.108000000007451
 127.9920001029968 -7.0229999999864958 0.36299999989569193
 129.56900000572199 -4.6309999999939464 -3.2589999996125698
 131.13000011444089 -6.242000000027474 -0.42100000008940702
 132.7039999961853 -5.992000000027474 -3.830999999307096
 134.29299998283389 -5.4710000000195578 -2.851999999955297
 135.87299990653989 -5.7779999999911524 -2.4369999999180441
 137.45000004768369 -6.1790000000037253 -1.3419999992474909
 139.02099990844729 -6.0979999999981374 -0.88399999961256981
 140.61400008201599 -6.584000000031665 -1.4669999992474909
 142.20600008964541 -6.1419999999925494 -4.651999999769032
 143.78299999237061 -8.2870000000111759 0.02700000070035458
 145.3900001049042 -8.1510000000125729 0.53000000026077032
 151.2780001163483 -10.81099999998696 0.64000000059604645
 152.88199996948239 -11.60999999998603 1.090000000782311
 154.4909999370575 -12.01000000000931 0.81600000057369471
 156.06500005722049 -12.86700000002747 0.69900000002235174
 157.65899991989139 -13.13900000002468 0.94200000073760748
 159.24699997901919 -13.02199999999721 0.43500000052154059
 160.84100008010861 -12.483000000007451 0.64199999999254942
 162.43199992179871 -12.597999999998139 0.848000000230968
 164.02600002288821 -13.141999999992549 0.95000000018626451
 165.59899997711179 -13.163000000000469 1.0339999999850991
 167.20900011062619 -13.49200000002747 0.93000000063329935
 168.8139998912811 -13.24800000002142 0.016000000759959221
 170.42600011825559 -13.14300000004005 -1.2629999993368981
 172.01200008392331 -13.60999999998603 -0.41299999970942741
 173.58800005912781 -13.77400000003399 0.2099999999627471
 175.1630001068115 -13.20300000003772 0.54900000058114529
 176.75399994850159 -13.211999999999531 0.9860000004991889
 178.35199999809271 -14.472999999998139 2.4610000001266599
 179.94099998474121 -14.39300000004005 3.9250000007450581
 181.5150001049042 -14.587999999988821 4.617000000551343
 183.12299990653989 -15.13400000002002 5.150000000372529
 189.42799997329709 -17.612000000022821 4.098000000230968
 191.03399991989139 -17.11499999999069 4.8440000005066386
 192.6429998874664 -17.563000000023749 4.9800000004470348
 194.24900007247919 -17.167000000015829 6.748000000603497
 195.8589999675751 -17.48499999998603 8.1900000004097819
 197.46600008010861 -18.89100000000326 8.2890000008046627
 199.06500005722049 -19.858000000007451 8.4640000006183982
 200.66799998283389 -20.581999999994881 8.1110000004991889
 202.27300000190729 -20.97899999999208 7.5070000002160668
 203.8840000629425 -21.983000000007451 7.9369999999180436
 205.5060000419617 -21.809000000008378 7.6810000007972121
 207.09400010108951 -22.559999999997672 8.2470000004395843
 208.72399997711179 -22.294999999983698 7.8190000001341096
 210.32500004768369 -22.488000000012111 8.1450000004842877
 211.9289999008179 -22.442000000039119 7.9950000001117587
 213.55699992179871 -23.01400000002468 8.1790000004693866
 215.1640000343323 -23.462999999988821 8.6400000005960464
 216.76999998092651 -23.7850000000326 8.828999999910593
 218.39199995994571 -23.466000000014901 9.1610000003129244
 220.01399993896479 -23.671000000031199 9.6680000005289912
 221.62400007247919 -24.282999999995809 8.9150000000372529
 223.21300005912781 -25.356000000028871 9.2390000000596046
 224.8210000991821 -25.048999999999069 9.7790000000968575
 226.43199992179871 -25.070999999996271 9.598000000230968
 228.06500005722049 -25.361000000033531 9.1790000004693866
 229.65899991989139 -25.457999999984171 8.8969999998807907
 231.29800009727481 -26.366000000038181 9.3240000000223517
 232.90799999237061 -26.964000000036322 8.6410000007599592
 234.50999999046331 -26.90400000003865 8.0840000007301569
 236.10199999809271 -26.959000000031661 9.0840000007301569
 237.7420001029968 -27.287000000011179 8.4750000005587935
 239.3499999046326 -27.346000000019561 9.2390000000596046
 255.41199994087219 -33.943000000028412 12.94000000040978
