# Created by Octave 5.1.0, Wed Sep 11 00:52:06 2019 GMT <unknown@DESKTOP-3UFRADP>
# name: inz
# type: matrix
# rows: 41
# columns: 41
 2.9376941071505724e-107 2.0966457992320349e-102 5.5134572844486077e-98 5.3385976449865114e-94 1.9027028112579033e-90 2.4955064686696858e-87 1.2042998049776466e-84 2.1386879301515222e-82 1.4161604886495246e-80 6.6311706285721743e-79 2.066274465634132e-76 4.6786140074566718e-74 3.993630284704433e-72 1.2894062984874038e-70 1.6410011112109455e-69 8.9675080305168704e-69 2.4703669225709003e-68 6.0236503314710067e-68 1.2253068996442078e-66 3.9032216398795283e-65 4.9175828627359555e-64 2.3114512095065391e-63 4.1690887791472311e-63 3.1732571338203694e-63 1.2289570137983987e-63 2.6643664942994834e-64 2.7768711249226329e-65 1.1771641302550387e-66 1.8904254226542527e-68 1.1256607217451446e-70 2.4709156625788501e-73 1.9964002396649934e-76 5.9347666463075411e-80 6.4905428145068364e-84 2.6113676699456039e-88 3.8651078339256482e-93 2.104558504546506e-98 4.2156639296651021e-104 3.106536763128575e-110 8.4215597847979089e-117 8.3987391686714681e-124
 2.6757918274593271e-99 1.9043404749312144e-94 4.9993855592310575e-90 4.8360451522670644e-86 1.7225859415833569e-82 2.2584969161707445e-79 1.0896997340633797e-76 1.9346885683053228e-74 1.2693546429463295e-72 4.0056898884234546e-71 6.2954359551309988e-69 1.3847531591926504e-66 1.1806109510608734e-64 3.8041033919424617e-63 4.8179472477430439e-62 2.6059260475419234e-61 7.0248634082084463e-61 1.4822754955019778e-60 1.8234377869606435e-59 5.4743988974392013e-58 6.8832006538092527e-57 3.2395922639188793e-56 5.8735918422390388e-56 4.540097246865263e-56 1.8089969306570959e-56 4.0202105230662579e-57 4.23608100580491e-58 1.8018373501416795e-59 2.8962723207765597e-61 1.7250157373450688e-63 3.7867885256819499e-66 3.0596230369625876e-69 9.0954841918156855e-73 9.9472648366067444e-77 4.002126492989338e-81 5.9235824231542495e-86 3.2254018637579797e-91 6.460837432589479e-97 4.7610125869830192e-103 1.2906704542243813e-109 1.2871730149423759e-116
 9.0119285760250227e-92 6.3824891331666904e-87 1.6706968736981696e-82 1.6133240232391712e-78 5.7407563638915422e-75 7.5222275981779245e-72 3.6281036501854401e-69 6.4398346910473986e-67 4.2120034092907638e-65 1.1161176689799478e-63 7.4549093629381544e-62 1.5091104130889207e-59 1.2840481216408794e-57 4.1293672718020387e-56 5.2055409250382443e-55 2.7877197444976558e-54 7.3628277594780304e-54 1.4084754638495972e-53 1.0446184429830721e-52 2.8309158568817194e-51 3.5450718003006417e-50 1.670669788998205e-49 3.0461194067403063e-49 2.3934363524207518e-49 9.815973979682712e-50 2.2341217450431702e-50 2.3781872450434461e-51 1.0147209069903158e-52 1.6324399105284627e-54 9.7249501166720422e-57 2.1349639591549181e-59 1.725019344259008e-62 5.1280656321114416e-66 5.6083082462870289e-70 2.2564157422602839e-74 3.3397409042425079e-79 1.8184952889697137e-84 3.6426476405348997e-90 2.6842791617227233e-96 7.2768549604159411e-103 7.2571362494655785e-110
 1.1263557858041527e-84 7.9108514930062764e-80 2.0603727714488858e-75 1.9836538188327291e-71 7.045958012645838e-68 9.2227484969551968e-65 4.445534320748085e-62 7.8877685152589381e-60 5.1528442484764604e-58 1.2796815760947255e-56 3.7217810690612766e-55 6.0664985876617941e-53 5.1380838648809133e-51 1.649228617489915e-49 2.0697367918561006e-48 1.0978002863137512e-47 2.8434656002090851e-47 5.0696171670410086e-47 2.3576107333538728e-46 5.4077415670148709e-45 6.7191994650861672e-44 3.1702992129627442e-43 5.8155826363308147e-43 4.6494961458601522e-43 1.9634071528022687e-43 4.5723339080739153e-44 4.913463692528804e-45 2.1024519978064345e-46 3.3849472058069387e-48 2.016927052403996e-50 4.4280889353461598e-53 3.5778797174674021e-56 1.063620983958767e-59 1.163230020599243e-63 4.6800765057728301e-68 6.9270230804666313e-73 3.7717773342031231e-78 7.5552881269005744e-84 5.5675169556987276e-90 1.5093070037448871e-96 1.5052171066830415e-103
 5.2552880279743854e-78 3.6396698342836103e-73 9.3983498543570333e-69 9.0015995619189605e-65 3.1874941397256541e-61 4.1645881486968691e-58 2.0052298185686953e-55 3.5556113083511917e-53 2.3211507016280564e-51 5.6369311642652913e-50 8.799200767488097e-49 9.0440097711165448e-47 7.5648268684940074e-45 2.423495729857955e-43 3.0283405967824542e-42 1.5913869837139197e-41 4.0454907549179117e-41 6.8286466827863733e-41 2.1424261835052165e-40 3.8290664129912411e-39 4.6879445044922722e-38 2.2138139115876432e-37 4.0875916296049627e-37 3.3284847801219126e-37 1.4476128932273938e-37 3.4459807108447058e-38 3.7357430133806665e-39 1.6026930677069823e-40 2.5821560987557682e-42 1.5388675036738001e-44 3.3786899926907404e-47 2.7300035041095496e-50 8.1156962594725449e-54 8.8757458661458536e-58 3.5710201891124879e-62 5.2854992139993291e-67 2.8779644880255763e-72 5.7648819333444443e-78 4.248160679625685e-84 1.1516406181601867e-90 1.1485199200846281e-97
 9.2378561584648338e-72 6.2538147201753178e-67 1.5917664485234399e-62 1.5111348578643634e-58 5.3224545992755614e-55 6.9318368022902747e-52 3.3313304012519944e-49 5.9003912370745885e-47 3.8489048986025071e-45 9.2749754793147953e-44 1.0264815410952764e-42 5.0797362497417002e-41 4.0989860760376077e-39 1.3102877216900487e-37 1.6305335191024341e-36 8.4917639775417936e-36 2.1201489714010689e-35 3.4182588854304159e-35 7.9169072430857401e-35 1.0110962454865869e-33 1.2045704928369846e-32 5.6891579708082006e-32 1.0577854426465038e-31 8.7815671900969423e-32 3.9340539815012231e-32 9.5632010919217553e-33 1.0452069700881702e-33 4.4948588229730833e-35 7.2464964360898109e-37 4.3193685210454863e-39 9.4838902231762975e-42 7.6631329161018264e-45 2.2780866240834645e-48 2.4914354820351886e-52 1.0023910480611005e-56 1.48364811567079e-61 8.0784926361735805e-67 1.6182116424969288e-72 1.1924655451394645e-78 3.2326737650367263e-85 3.2239139154735538e-92
 6.1984037112605003e-66 4.0509159085186475e-61 1.0072494708385898e-56 9.4216775302725702e-53 3.2883530962083477e-49 4.2591492231533215e-46 2.040153403254833e-43 3.606427218524226e-41 2.3497238927001293e-39 5.6447700029475754e-38 5.3985884705108093e-37 1.1216622630656124e-35 8.1798721649463427e-34 2.6064907115105666e-32 3.2306166447013691e-31 1.6679438028498098e-30 4.0926079493091778e-30 6.3349061488906415e-30 1.1800454740727944e-29 1.0059198413252585e-28 1.1409350814367669e-27 5.3812055537194965e-27 1.0078965464294946e-26 8.5390370102435468e-27 3.940505924019752e-27 9.7719698657500282e-28 1.0761010266684334e-28 4.6378863472037643e-30 7.4814856155287277e-32 4.4601253614841026e-34 9.7933392062242069e-37 7.9132554100133044e-40 2.3524491326314023e-43 2.5727640584057661e-47 1.0351125503125901e-51 1.5320795823951312e-56 8.3422030114750268e-62 1.6710357598773374e-67 1.231391814084808e-73 3.3381996058250954e-80 3.3291538041540367e-87
 1.6133129587202482e-60 1.0024415890946796e-55 2.4043451935466137e-51 2.1957024902803562e-47 7.5476063703222023e-44 9.6845098806449607e-41 4.6126722165776102e-38 8.1263037158570408e-36 5.283876310872253e-34 1.2668363951435646e-32 1.1484763073794733e-31 1.0671424066046048e-30 6.0250984684050722e-29 1.9077536445687245e-27 2.3554149467332939e-26 1.205919537914183e-25 2.9096910015544268e-25 4.337767817128733e-25 6.9478114971175246e-25 3.8310283871623481e-24 3.9902260933216713e-23 1.8738691845955124e-22 3.5364113277275672e-22 3.0604297855579505e-22 1.454665417352229e-22 3.6764050434873172e-23 4.0768001608306289e-24 1.7605958652974834e-25 2.8415874594197537e-27 1.6942654398761082e-29 3.7203271418314543e-32 3.0061432084789854e-35 8.9366716839084514e-39 9.773627938679279e-43 3.9322714449367492e-47 5.820191296749902e-52 3.1691054742042574e-57 6.3480696676685951e-63 4.6779136734860121e-69 1.2681430398854349e-75 1.2647066455518191e-82
