# Created by Octave 5.1.0, Wed Sep 11 00:14:14 2019 GMT <unknown@DESKTOP-3UFRADP>
# name: inz
# type: matrix
# rows: 41
# columns: 41
 1.637507686834194e-143 1.2812473323207083e-135 3.6879762794358891e-128 3.9052494695132389e-121 1.5213003429646546e-114 2.1801514414908022e-108 1.1493806453055969e-102 2.2291875818504864e-97 1.5905043768116799e-92 4.1747323775897288e-88 4.0311404505169431e-84 1.4319661043554304e-80 1.8712985280083112e-77 8.9962033968909851e-75 1.5910746567008338e-72 1.0358630890514685e-70 2.5260036894511252e-69 3.4037788179728609e-68 1.2072607091830689e-66 3.9000045965086931e-65 4.9169362904912254e-64 2.3113994670290219e-63 4.1690734972739386e-63 3.173255472007892e-63 1.2289569472018719e-63 2.6643664844417494e-64 2.7768711243808605e-65 1.1771641302438561e-66 1.8904254226533649e-68 1.1256607217451164e-70 2.4709156625788461e-73 1.9964002396649934e-76 5.9347666463075411e-80 6.4905428145068364e-84 2.6113676699456039e-88 3.8651078339256482e-93 2.104558504546506e-98 4.2156639296651021e-104 3.106536763128575e-110 8.4215597847979089e-117 8.3987391686714681e-124
 4.2518322344328819e-136 3.3267927544049015e-128 9.5759284373466951e-121 1.0140084050585339e-113 3.9500967772408795e-107 5.6608211670730946e-101 2.9843973965042126e-95 5.7881448089159961e-90 4.1297868905937508e-85 1.0839803584356541e-80 1.0466963328822363e-76 3.7181380504359872e-73 4.8588763033309823e-70 2.335887234820513e-67 4.1312224888825842e-65 2.6888029344757602e-63 6.5009148972375203e-62 7.3741025694546835e-61 1.7733266968732731e-59 5.4658624436900284e-58 6.8814942179482223e-57 3.2394557141788308e-56 5.8735515003209471e-56 4.5400928566500611e-56 1.80899675441663e-56 4.0202104968750267e-57 4.2360810043524831e-58 1.8018373501111084e-59 2.8962723207740362e-61 1.7250157373449827e-63 3.7867885256819373e-66 3.0596230369625871e-69 9.0954841918156855e-73 9.9472648366067444e-77 4.002126492989338e-81 5.9235824231542495e-86 3.2254018637579797e-91 6.460837432589479e-97 4.7610125869830192e-103 1.2906704542243813e-109 1.2871730149423759e-116
 4.0613873427014604e-129 3.1777815397114727e-121 9.1470106075909831e-114 9.6858969842372679e-107 3.7731669945984525e-100 5.4072658961141695e-94 2.8507224987842072e-88 5.5288865525501578e-83 3.9448085626899987e-78 1.0354275203601873e-73 9.9981349300582113e-70 3.5515979888403392e-66 4.6412411141880854e-63 2.2312594619203189e-60 3.9461566270464785e-58 2.5679342510725228e-56 6.1799268859787315e-55 6.2905345832914693e-54 9.9337247809627385e-53 2.8225795584328895e-51 3.5434148850283664e-50 1.6705372023210803e-49 3.0460802162582206e-49 2.3934320825326512e-49 9.8159722609585637e-50 2.2341217193435695e-50 2.3781872435986661e-51 1.0147209069590198e-52 1.6324399105257367e-54 9.7249501166710348e-57 2.1349639591549017e-59 1.725019344259007e-62 5.1280656321114416e-66 5.6083082462870289e-70 2.2564157422602839e-74 3.3397409042425079e-79 1.8184952889697137e-84 3.6426476405348997e-90 2.6842791617227233e-96 7.2768549604159411e-103 7.2571362494655785e-110
 1.4271782548853411e-122 1.1166777087643187e-114 3.2142747132501197e-107 3.4036402806554595e-100 1.3258971460624405e-93 1.9001222129638429e-87 1.0017486188035046e-81 1.9428599135484091e-76 1.3862122780468e-71 3.6385094965720248e-67 3.5133612131737373e-63 1.2480374294258661e-59 1.630939826573279e-56 7.8406819259407921e-54 1.3866815924578888e-51 9.0229423632608452e-50 2.1659947828316214e-48 2.0679110549326959e-47 2.164611664518422e-46 5.3777803618428186e-45 6.7132802658319276e-44 3.1698255078823291e-43 5.8154425076299612e-43 4.6494808506855649e-43 1.9634065345544768e-43 4.5723338147513797e-44 4.9134636871737612e-45 2.1024519976855956e-46 3.3849472057956558e-48 2.0169270524035392e-50 4.4280889353460791e-53 3.5778797174673957e-56 1.0636209839587668e-59 1.163230020599243e-63 4.6800765057728301e-68 6.9270230804666313e-73 3.7717773342031231e-78 7.5552881269005744e-84 5.5675169556987276e-90 1.5093070037448871e-96 1.5052171066830415e-103
 1.8449625160204381e-116 1.4435677590332073e-108 4.1552036978136585e-101 4.4000030930481816e-94 1.7140329361171552e-87 2.4563534700560143e-81 1.2949949635521846e-75 2.5116019685035776e-70 1.7920043859196194e-65 4.7036266229396244e-61 4.5418431238991755e-57 1.6133809969660218e-53 2.1083721177613802e-50 1.0135919141833158e-47 1.7926080224925417e-45 1.1663696673821421e-43 2.7961272609357913e-42 2.5739594311775374e-41 1.8747481793491151e-40 3.7894336709523681e-39 4.6801641198258864e-38 2.2131910834545826e-37 4.0874071628009352e-37 3.3284645881214074e-37 1.4476120717408767e-37 3.4459805850495402e-38 3.7357430059422592e-39 1.6026930675295275e-40 2.5821560987377561e-42 1.538867503673e-44 3.3786899926905887e-47 2.7300035041095378e-50 8.1156962594725414e-54 8.8757458661458536e-58 3.5710201891124879e-62 5.2854992139993291e-67 2.8779644880255763e-72 5.7648819333444443e-78 4.248160679625685e-84 1.1516406181601867e-90 1.1485199200846281e-97
 8.7740962097322922e-111 6.8651814294554983e-103 1.9760920180802497e-95 2.0925113722525485e-88 8.151433840824571e-82 1.1681690811729472e-75 6.1586131439863683e-70 1.1944436334531624e-64 8.5222430015736865e-60 2.2369057455621209e-55 2.1599662970122189e-51 7.6727629785782989e-48 1.0026794379775382e-44 4.8203432916603322e-42 8.5251058744036627e-40 5.5467627647980683e-38 1.3287489477138241e-36 1.1986595131633179e-35 6.5497309907260665e-35 9.9179961503800328e-34 1.2008073509883626e-32 5.686143833334301e-32 1.0576960000930709e-31 8.7814688518933341e-32 3.9340499407480211e-32 9.56320045971565e-33 1.0452069661874118e-33 4.4948588219736816e-35 7.2464964359785896e-37 4.3193685210401042e-39 9.4838902231752142e-42 7.6631329161017406e-45 2.2780866240834621e-48 2.4914354820351882e-52 1.0023910480611005e-56 1.48364811567079e-61 8.0784926361735805e-67 1.6182116424969288e-72 1.1924655451394645e-78 3.2326737650367263e-85 3.2239139154735538e-92
 1.5350508112012369e-105 1.2010812362235161e-97 3.4572240637134851e-90 3.6609027330486649e-83 1.4261144203013877e-76 2.0437420023793521e-70 1.0774652883409993e-64 2.0897100107389556e-59 1.4909884414430073e-54 3.9135244214635144e-50 3.7789168674899717e-46 1.3423697156541732e-42 1.7542135929803567e-39 8.4333150397964339e-37 1.4914885695396579e-34 9.70406677943044e-33 2.3237320902032038e-31 2.0731103443769859e-30 9.2289724325180129e-30 9.713360373223894e-29 1.1342367365238296e-27 5.3758349704392224e-27 1.0077367011704707e-26 8.5388600641193118e-27 3.9404985426470831e-27 9.7719686740719366e-28 1.0761010188802829e-28 4.6378863450316263e-30 7.4814856152636086e-32 4.4601253614703095e-34 9.7933392062213053e-37 7.9132554100130678e-40 2.3524491326313952e-43 2.5727640584057651e-47 1.0351125503125901e-51 1.5320795823951312e-56 8.3422030114750268e-62 1.6710357598773374e-67 1.231391814084808e-73 3.3381996058250954e-80 3.3291538041540367e-87
 9.8798110045696065e-101 7.7303340895518626e-93 2.2251198527565602e-85 2.356210416274721e-78 9.178680497516095e-72 1.315382173558621e-65 6.9347238118213308e-60 1.3449678544713291e-54 9.5962191635385647e-50 2.5188014210141906e-45 2.4321660351786375e-41 8.6396873588876938e-38 1.129037464321868e-34 5.427804562479419e-32 9.5994355041335149e-30 6.2456311390664939e-28 1.4952590700948252e-26 1.3259719024115672e-25 5.1667312112342259e-25 3.6028518225635734e-24 3.9463387785055962e-23 1.8703443077636485e-22 3.5353573322176301e-22 3.0603118826175039e-22 1.4546603869474607e-22 3.6764041946280906e-23 4.076800101143021e-24 1.7605958634713915e-25 2.841587459177256e-27 1.6942654398627544e-29 3.7203271418285576e-32 3.0061432084787464e-35 8.936671683908377e-39 9.7736279386792711e-43 3.9322714449367488e-47 5.820191296749902e-52 3.1691054742042574e-57 6.3480696676685951e-63 4.6779136734860121e-69 1.2681430398854349e-75 1.2647066455518191e-82
