# Created by Octave 5.1.0, Tue Sep 10 16:16:18 2019 GMT <unknown@DESKTOP-3UFRADP>
# name: temp
# type: matrix
# rows: 40
# columns: 3
 0.58518065091758265 -0.66117565823305569 -3.1064558731414351
 0.41606321421589165 -0.84798822628144488 -3.6015251690798618
 1.6895954434940634 -1.4774762496541372 -3.1847893773713669
 1.0161516417603536 -1.5231721792314632 -1.8138668098378239
 -0.66233027850126147 -1.2138648638951119 -1.7063842713240129
 0.56267795615463045 -0.98097626498013191 -2.0030555785407191
 0.13996427871260603 -1.2058719310570134 -1.2272046227457629
 -1.5266066403499599 -1.1728671927604988 -2.4040624027657729
 -1.2820136806698617 -0.57250704862503765 -2.3057512676767864
 -2.0346558899881684 -1.1483879100319523 -1.8935286145967705
 -2.6600137056160618 -0.46132217615323046 -1.8513290386869685
 -3.9656180821707818 1.2507202449349886 -1.3127658801510835
 -4.9336291764120812 2.5657697228618055 -1.9309072974739281
 -5.736211885477001 2.6931288786787553 -1.69212216131212
 -6.0930520737990372 2.4316499674866776 -1.4272179069741049
 -5.6751296796848836 2.1317149132065074 -0.15890285987572783
 -5.5772131742481648 1.8647088507675171 0.82347760837473993
 -4.1698831633079569 0.30687165550944706 1.0320194567889305
 -4.4258647159301567 -0.30855114746175316 2.0959504540351075
 -4.1602864992936661 -0.58980103588843769 0.28196200741791544
 -2.6361654137730914 0.33484231637635731 -0.33957629163311853
 -2.0447560931830187 0.27108742606543113 0.029168257325532077
 -2.9342486400778958 -0.196740993002259 -1.0883878981417718
 -4.302555458846073 0.24638265282234212 -0.68222347626727664
 -4.318269987639975 1.6019699877209101 -0.56509406907687598
 -3.1194238329414707 1.6872200159773174 -0.065011465553453718
 -4.3873497781948085 1.2929993252810772 0.32445743693741469
 -5.2048937274009353 0.35966369419853639 0.27844605440584175
 -4.6960316472136707 1.0075547905253801 0.47156384209506363
 -5.4392158880998291 0.3182215761036491 1.0319552076028848
 -5.1012573976579363 -0.75246377028382683 1.9184557739731609
 -6.6079359952008714 -0.45812575532329292 2.5641343451731657
 -6.9762714578527341 0.5442864791755031 2.105226404159608
 -6.9681095185968687 -0.44832811895305191 4.3105081307540356
 -7.1014479109136772 -1.0970749609075705 4.2407041805400256
 -8.3630101607884022 -1.6565482864246666 5.5001212917342599
 -8.8257625501804373 -1.2955870807363061 5.1393826001061385
 -8.2646392533868038 -1.9283583547964367 4.3928483060840939
 -7.8068843475152478 -1.211161717391803 4.6454431453388798
 -9.7042029326029677 -1.4065311897914214 5.3465286202345625


