# Created by Octave 5.1.0, Thu Sep 05 22:40:01 2019 GMT <unknown@DESKTOP-3UFRADP>
# name: ans
# type: cell
# rows: 1
# columns: 1
# name: <cell-element>
# type: matrix
# rows: 50
# columns: 50
 6.3815034480607908e-40 6.5093104813901037e-38 5.1709858023748288e-36 3.1991756325768644e-34 1.5414491428468625e-32 5.7842452349932771e-31 1.690404242076995e-29 3.8473423215324969e-28 6.8195774389612351e-27 9.414136267376981e-26 1.0121150314608957e-24 8.4743354046147798e-24 5.5259608338502481e-23 2.8063144697336614e-22 1.1099189036438807e-21 3.41879090793651e-21 8.2012530442882376e-21 1.5321957845870205e-20 2.2293317120883141e-20 2.5261637809256925e-20 2.2293317120883141e-20 1.5321957845870205e-20 8.2012530442882376e-21 3.41879090793651e-21 1.1099189036438807e-21 2.8063144697336614e-22 5.5259608338502481e-23 8.4743354046147798e-24 1.0121150314608957e-24 9.414136267376981e-26 6.8195774389612351e-27 3.8473423215324969e-28 1.690404242076995e-29 5.7842452349932771e-31 1.5414491428468625e-32 3.1991756325768644e-34 5.1709858023748288e-36 6.5093104813901037e-38 6.3815034480607908e-40 4.872338008392385e-42 2.8971980832101479e-44 1.3416688878294486e-46 4.8388135515849137e-49 1.3591231412083083e-51 2.9730697999099973e-54 5.0649805654294692e-57 6.7201170977438465e-60 6.9438811285343287e-63 5.5879703625129268e-66 3.5021302163255571e-69
 6.5093104813901037e-38 6.6396771995807348e-36 5.2745489141350138e-34 3.2632478610144009e-32 1.5723208713633045e-30 5.9000905415970609e-29 1.7242592032261266e-27 3.9243958579474628e-26 6.9561581002626109e-25 9.6026800545086756e-24 1.0323853988769519e-22 8.6440571130360953e-22 5.6366332899911276e-21 2.8625185805493937e-20 1.1321480606858558e-19 3.4872615319944465e-19 8.3655055327033309e-19 1.5628821893349888e-18 2.2739801675421068e-18 2.576757109154981e-18 2.2739801675421068e-18 1.5628821893349888e-18 8.3655055327033309e-19 3.4872615319944465e-19 1.1321480606858558e-19 2.8625185805493937e-20 5.6366332899911276e-21 8.6440571130360953e-22 1.0323853988769519e-22 9.6026800545086756e-24 6.9561581002626109e-25 3.9243958579474628e-26 1.7242592032261266e-27 5.9000905415970609e-29 1.5723208713633045e-30 3.2632478610144009e-32 5.2745489141350138e-34 6.6396771995807348e-36 6.5093104813901037e-38 4.9699198825226136e-40 2.9552223865731716e-42 1.3685394711738529e-44 4.9357240069180806e-47 1.3863432936411706e-49 3.0326136415924683e-52 5.166420632837861e-55 6.8547057941033596e-58 7.0829513106712772e-61 5.6998847288025717e-64 3.5722699376192174e-67
 5.1709858023748288e-36 5.2745489141350138e-34 4.1900931944943974e-32 2.5923188649824402e-30 1.2490491774577263e-28 4.687022459682852e-27 1.3697487445079347e-25 3.1175337729490539e-24 5.5259608338502481e-23 7.6283536280186938e-22 8.2012530442882376e-21 6.8668251014017068e-20 4.4777324417183015e-19 2.2739801675421068e-18 8.9937660290288213e-18 2.770274965784119e-17 6.6455441729150706e-17 1.2415511035985842e-16 1.8064461965456932e-16 2.0469717131642043e-16 1.8064461965456932e-16 1.2415511035985842e-16 6.6455441729150706e-17 2.770274965784119e-17 8.9937660290288213e-18 2.2739801675421068e-18 4.4777324417183015e-19 6.8668251014017068e-20 8.2012530442882376e-21 7.6283536280186938e-22 5.5259608338502481e-23 3.1175337729490539e-24 1.3697487445079347e-25 4.687022459682852e-27 1.2490491774577263e-28 2.5923188649824402e-30 4.1900931944943974e-32 5.2745489141350138e-34 5.1709858023748288e-36 3.9480963805518991e-38 2.3476239223062359e-40 1.0871655601098745e-42 3.9209312318381672e-45 1.1013088881120811e-47 2.4091034111210462e-50 4.1041962613213214e-53 5.4453672846152694e-56 5.6266851567620535e-59 4.5279792832246086e-62 2.8378055068183725e-65
 3.1991756325768644e-34 3.2632478610144009e-32 2.5923188649824402e-30 1.6038108905486379e-28 7.7275936255283521e-27 2.899758114878488e-25 8.4743354046147798e-24 1.9287498479639178e-22 3.41879090793651e-21 4.7194952715261231e-20 5.0739355895802364e-19 4.2483542552915889e-18 2.770274965784119e-17 1.4068617124461467e-16 5.5642460112639372e-16 1.713908431542013e-15 4.1114525925480338e-15 7.6812046852020953e-15 1.1176086870894152e-14 1.2664165549094176e-14 1.1176086870894152e-14 7.6812046852020953e-15 4.1114525925480338e-15 1.713908431542013e-15 5.5642460112639372e-16 1.4068617124461467e-16 2.770274965784119e-17 4.2483542552915889e-18 5.0739355895802364e-19 4.7194952715261231e-20 3.41879090793651e-21 1.9287498479639178e-22 8.4743354046147798e-24 2.899758114878488e-25 7.7275936255283521e-27 1.6038108905486379e-28 2.5923188649824402e-30 3.2632478610144009e-32 3.1991756325768644e-34 2.4426007377405277e-36 1.4524234901684268e-38 6.7260551496447082e-41 2.4257942553517371e-43 6.8135568215452984e-46 1.490459503036475e-48 2.5391763142150054e-51 3.3689294446277123e-54 3.4811068399043105e-57 2.801361585841576e-60 1.7556880978548265e-63
 1.5414491428468625e-32 1.5723208713633045e-30 1.2490491774577263e-28 7.7275936255283521e-27 3.7233631217505106e-25 1.3971817036635567e-23 4.0831634601813078e-22 9.2932372003448156e-21 1.6472657083745667e-19 2.2739801675421068e-18 2.444759076612131e-17 2.0469717131642043e-16 1.3347932285976031e-15 6.7786393428091307e-15 2.6810038677818034e-14 8.2580732855559203e-14 1.9810087980489796e-13 3.7010116785926721e-13 5.3849402177540356e-13 6.1019366776053239e-13 5.3849402177540356e-13 3.7010116785926721e-13 1.9810087980489796e-13 8.2580732855559203e-14 2.6810038677818034e-14 6.7786393428091307e-15 1.3347932285976031e-15 2.0469717131642043e-16 2.444759076612131e-17 2.2739801675421068e-18 1.6472657083745667e-19 9.2932372003448156e-21 4.0831634601813078e-22 1.3971817036635567e-23 3.7233631217505106e-25 7.7275936255283521e-27 1.2490491774577263e-28 1.5723208713633045e-30 1.5414491428468625e-32 1.1769109439216723e-34 6.9981682817690036e-37 3.2407948596462244e-39 1.1688131272189348e-41 3.2829555262177533e-44 7.1814360549907549e-47 1.2234436625572592e-49 1.6232411099449617e-52 1.6772912058618981e-55 1.3497716009487877e-58 8.4593789912212272e-62
 5.7842452349932771e-31 5.9000905415970609e-29 4.687022459682852e-27 2.899758114878488e-25 1.3971817036635567e-23 5.2428856633634639e-22 1.5321957845870205e-20 3.4872615319944465e-19 6.1813189677059647e-18 8.5330476257440658e-17 9.1738907541791984e-16 7.6812046852020953e-15 5.0087746378435061e-14 2.5436656473769228e-13 1.0060392792833169e-12 3.0988191387218256e-12 7.4336806723521883e-12 1.3887943864964021e-11 2.0206839090222171e-11 2.289734845645553e-11 2.0206839090222171e-11 1.3887943864964021e-11 7.4336806723521883e-12 3.0988191387218256e-12 1.0060392792833169e-12 2.5436656473769228e-13 5.0087746378435061e-14 7.6812046852020953e-15 9.1738907541791984e-16 8.5330476257440658e-17 6.1813189677059647e-18 3.4872615319944465e-19 1.5321957845870205e-20 5.2428856633634639e-22 1.3971817036635567e-23 2.899758114878488e-25 4.687022459682852e-27 5.9000905415970609e-29 5.7842452349932771e-31 4.4163257354165447e-33 2.6260432739768248e-35 1.2160992992528256e-37 4.3859389024198029e-40 1.2319199726660341e-42 2.6948139985190523e-45 4.5909384738829458e-48 6.0911673271968137e-51 6.293988815800106e-54 5.0649805654294692e-57 3.1743585474772134e-60
 1.690404242076995e-29 1.7242592032261266e-27 1.3697487445079347e-25 8.4743354046147798e-24 4.0831634601813078e-22 1.5321957845870205e-20 4.4777324417183015e-19 1.0191272063038982e-17 1.8064461965456932e-16 2.4937220533353759e-15 2.6810038677818034e-14 2.2447770550209742e-13 1.4637785141259089e-12 7.4336806723521883e-12 2.9400777392844726e-11 9.0560769896728672e-11 2.1724399350790171e-10 4.0586521264756932e-10 5.9053039989440393e-10 6.6915860912927816e-10 5.9053039989440393e-10 4.0586521264756932e-10 2.1724399350790171e-10 9.0560769896728672e-11 2.9400777392844726e-11 7.4336806723521883e-12 1.4637785141259089e-12 2.2447770550209742e-13 2.6810038677818034e-14 2.4937220533353759e-15 1.8064461965456932e-16 1.0191272063038982e-17 4.4777324417183015e-19 1.5321957845870205e-20 4.0831634601813078e-22 8.4743354046147798e-24 1.3697487445079347e-25 1.7242592032261266e-27 1.690404242076995e-29 1.290639565621842e-31 7.6744233860502013e-34 3.5539631027525527e-36 1.2817592313147442e-38 3.6001978876963372e-41 7.8754009030365214e-44 1.3416688878294486e-46 1.78010002528986e-49 1.8393731526886113e-52 1.4802042939055061e-55 9.2768355014862829e-59
 3.8473423215324969e-28 3.9243958579474628e-26 3.1175337729490539e-24 1.9287498479639178e-22 9.2932372003448156e-21 3.4872615319944465e-19 1.0191272063038982e-17 2.3195228302435696e-16 4.1114525925480338e-15 5.6756852326327227e-14 6.1019366776053239e-13 5.1090890280633251e-12 3.3315445421664121e-11 1.6918979226151304e-10 6.6915860912927816e-10 2.0611536224385579e-09 4.9444505019386442e-09 9.2374496619705944e-09 1.3440409951135022e-08 1.5229979744712629e-08 1.3440409951135022e-08 9.2374496619705944e-09 4.9444505019386442e-09 2.0611536224385579e-09 6.6915860912927816e-10 1.6918979226151304e-10 3.3315445421664121e-11 5.1090890280633251e-12 6.1019366776053239e-13 5.6756852326327227e-14 4.1114525925480338e-15 2.3195228302435696e-16 1.0191272063038982e-17 3.4872615319944465e-19 9.2932372003448156e-21 1.9287498479639178e-22 3.1175337729490539e-24 3.9243958579474628e-26 3.8473423215324969e-28 2.9374821117108028e-30 1.7466907116981076e-32 8.088782738491285e-35 2.9172705639883036e-37 8.1940126239905147e-40 1.7924329837257689e-42 3.0536243137246927e-45 4.0514889831581489e-48 4.1863939993042314e-51 3.3689294446277123e-54 2.1113980281373221e-57
 6.8195774389612351e-27 6.9561581002626109e-25 5.5259608338502481e-23 3.41879090793651e-21 1.6472657083745667e-19 6.1813189677059647e-18 1.8064461965456932e-16 4.1114525925480338e-15 7.2877240958196922e-14 1.0060392792833169e-12 1.0815941557285693e-11 9.0560769896728672e-11 5.9053039989440393e-10 2.9989608248573072e-09 1.186112015134383e-08 3.6534822137210456e-08 8.764248219443636e-08 1.6373771305908126e-07 2.382369667501818e-07 2.6995785033630141e-07 2.382369667501818e-07 1.6373771305908126e-07 8.764248219443636e-08 3.6534822137210456e-08 1.186112015134383e-08 2.9989608248573072e-09 5.9053039989440393e-10 9.0560769896728672e-11 1.0815941557285693e-11 1.0060392792833169e-12 7.2877240958196922e-14 4.1114525925480338e-15 1.8064461965456932e-16 6.1813189677059647e-18 1.6472657083745667e-19 3.41879090793651e-21 5.5259608338502481e-23 6.9561581002626109e-25 6.8195774389612351e-27 5.2068116279280745e-29 3.0960833673866636e-31 1.4337710466611597e-33 5.1709858023748288e-36 1.4524234901684268e-38 3.1771634845836208e-41 5.4126786068377417e-44 7.1814360549907549e-47 7.4205609177209493e-50 5.9715703241306423e-53 3.7425425537951834e-56
 9.414136267376981e-26 9.6026800545086756e-24 7.6283536280186938e-22 4.7194952715261231e-20 2.2739801675421068e-18 8.5330476257440658e-17 2.4937220533353759e-15 5.6756852326327227e-14 1.0060392792833169e-12 1.3887943864964021e-11 1.4930946761971641e-10 1.2501528663867426e-09 8.1520207144701674e-09 4.1399377187851668e-08 1.6373771305908126e-07 5.0434766256788803e-07 1.2098671473041613e-06 2.2603294069810542e-06 3.2887598813664843e-06 3.7266531720786709e-06 3.2887598813664843e-06 2.2603294069810542e-06 1.2098671473041613e-06 5.0434766256788803e-07 1.6373771305908126e-07 4.1399377187851668e-08 8.1520207144701674e-09 1.2501528663867426e-09 1.4930946761971641e-10 1.3887943864964021e-11 1.0060392792833169e-12 5.6756852326327227e-14 2.4937220533353759e-15 8.5330476257440658e-17 2.2739801675421068e-18 4.7194952715261231e-20 7.6283536280186938e-22 9.6026800545086756e-24 9.414136267376981e-26 7.1877817390609889e-28 4.2740112531337627e-30 1.9792598779469045e-32 7.1383257123983004e-35 2.0050087819616541e-37 4.3859389024198029e-40 7.4719723373429907e-43 9.9136666783616887e-46 1.0243768369090897e-48 8.2434985546778182e-52 5.166420632837861e-55
 1.0121150314608957e-24 1.0323853988769519e-22 8.2012530442882376e-21 5.0739355895802364e-19 2.444759076612131e-17 9.1738907541791984e-16 2.6810038677818034e-14 6.1019366776053239e-13 1.0815941557285693e-11 1.4930946761971641e-10 1.6052280551856116e-09 1.3440409951135022e-08 8.764248219443636e-08 4.4508525004194189e-07 1.7603463121561693e-06 5.4222483706341527e-06 1.300729765406762e-05 2.4300831259329461e-05 3.5357500850409981e-05 4.0065297392951069e-05 3.5357500850409981e-05 2.4300831259329461e-05 1.300729765406762e-05 5.4222483706341527e-06 1.7603463121561693e-06 4.4508525004194189e-07 8.764248219443636e-08 1.3440409951135022e-08 1.6052280551856116e-09 1.4930946761971641e-10 1.0815941557285693e-11 6.1019366776053239e-13 2.6810038677818034e-14 9.1738907541791984e-16 2.444759076612131e-17 5.0739355895802364e-19 8.2012530442882376e-21 1.0323853988769519e-22 1.0121150314608957e-24 7.7275936255283521e-27 4.5949951339879807e-29 2.1279049046479047e-31 7.6744233860502013e-34 2.1555875853068632e-36 4.7153286973240558e-39 8.0331273124772244e-42 1.065819611814323e-44 1.1013088881120811e-47 8.8625961660742597e-51 5.5544256348456791e-54
 8.4743354046147798e-24 8.6440571130360953e-22 6.8668251014017068e-20 4.2483542552915889e-18 2.0469717131642043e-16 7.6812046852020953e-15 2.2447770550209742e-13 5.1090890280633251e-12 9.0560769896728672e-11 1.2501528663867426e-09 1.3440409951135022e-08 1.1253517471925912e-07 7.3382151901903473e-07 3.7266531720786709e-06 1.4739199215286483e-05 4.5399929762484854e-05 0.00010890876985506645 0.00020346836901064417 0.00029604473005685538 0.00033546262790251185 0.00029604473005685538 0.00020346836901064417 0.00010890876985506645 4.5399929762484854e-05 1.4739199215286483e-05 3.7266531720786709e-06 7.3382151901903473e-07 1.1253517471925912e-07 1.3440409951135022e-08 1.2501528663867426e-09 9.0560769896728672e-11 5.1090890280633251e-12 2.2447770550209742e-13 7.6812046852020953e-15 2.0469717131642043e-16 4.2483542552915889e-18 6.8668251014017068e-20 8.6440571130360953e-22 8.4743354046147798e-24 6.4702349256454599e-26 3.8473423215324969e-28 1.7816729631100128e-30 6.4257160291884872e-33 1.8048513878454153e-35 3.9480963805518991e-38 6.7260551496447082e-41 8.9239983505569219e-44 9.2211464229258756e-47 7.4205609177209493e-50 4.650663644598907e-53
 5.5259608338502481e-23 5.6366332899911276e-21 4.4777324417183015e-19 2.770274965784119e-17 1.3347932285976031e-15 5.0087746378435061e-14 1.4637785141259089e-12 3.3315445421664121e-11 5.9053039989440393e-10 8.1520207144701674e-09 8.764248219443636e-08 7.3382151901903473e-07 4.7851173921290088e-06 2.4300831259329461e-05 9.6111652061394695e-05 0.00029604473005685538 0.00071017438884254903 0.0013267804310269915 0.0019304541362277093 0.0021874911181828851 0.0019304541362277093 0.0013267804310269915 0.00071017438884254903 0.00029604473005685538 9.6111652061394695e-05 2.4300831259329461e-05 4.7851173921290088e-06 7.3382151901903473e-07 8.764248219443636e-08 8.1520207144701674e-09 5.9053039989440393e-10 3.3315445421664121e-11 1.4637785141259089e-12 5.0087746378435061e-14 1.3347932285976031e-15 2.770274965784119e-17 4.4777324417183015e-19 5.6366332899911276e-21 5.5259608338502481e-23 4.2191231616176603e-25 2.508782337270435e-27 1.161796712402298e-29 4.1900931944943974e-32 1.1769109439216723e-34 2.5744822367208939e-37 4.3859389024198029e-40 5.8191779074105959e-43 6.0129427905978667e-46 4.8388135515849137e-49 3.0326136415924683e-52
 2.8063144697336614e-22 2.8625185805493937e-20 2.2739801675421068e-18 1.4068617124461467e-16 6.7786393428091307e-15 2.5436656473769228e-13 7.4336806723521883e-12 1.6918979226151304e-10 2.9989608248573072e-09 4.1399377187851668e-08 4.4508525004194189e-07 3.7266531720786709e-06 2.4300831259329461e-05 0.00012340980408667956 0.000488095243523415 0.0015034391929775724 0.0036065631360157305 0.006737946999085467 0.0098036550358218278 0.011108996538242306 0.0098036550358218278 0.006737946999085467 0.0036065631360157305 0.0015034391929775724 0.000488095243523415 0.00012340980408667956 2.4300831259329461e-05 3.7266531720786709e-06 4.4508525004194189e-07 4.1399377187851668e-08 2.9989608248573072e-09 1.6918979226151304e-10 7.4336806723521883e-12 2.5436656473769228e-13 6.7786393428091307e-15 1.4068617124461467e-16 2.2739801675421068e-18 2.8625185805493937e-20 2.8063144697336614e-22 2.1426475384166538e-24 1.2740647981735315e-26 5.9000905415970609e-29 2.1279049046479047e-31 5.9768469426773991e-34 1.3074299601845343e-36 2.2273635617957438e-39 2.9552223865731716e-42 3.0536243137246927e-45 2.4573522857733785e-48 1.5400882849875202e-51
 1.1099189036438807e-21 1.1321480606858558e-19 8.9937660290288213e-18 5.5642460112639372e-16 2.6810038677818034e-14 1.0060392792833169e-12 2.9400777392844726e-11 6.6915860912927816e-10 1.186112015134383e-08 1.6373771305908126e-07 1.7603463121561693e-06 1.4739199215286483e-05 9.6111652061394695e-05 0.000488095243523415 0.0019304541362277093 0.0059462173564720942 0.014264233908999256 0.026649097336355485 0.038774207831722009 0.04393693362340742 0.038774207831722009 0.026649097336355485 0.014264233908999256 0.0059462173564720942 0.0019304541362277093 0.000488095243523415 9.6111652061394695e-05 1.4739199215286483e-05 1.7603463121561693e-06 1.6373771305908126e-07 1.186112015134383e-08 6.6915860912927816e-10 2.9400777392844726e-11 1.0060392792833169e-12 2.6810038677818034e-14 5.5642460112639372e-16 8.9937660290288213e-18 1.1321480606858558e-19 1.1099189036438807e-21 8.4743354046147798e-24 5.0390240267486375e-26 2.3335310764194399e-28 8.4160271569614579e-31 2.36388882194424e-33 5.1709858023748288e-36 8.8093937767398149e-39 1.1688131272189348e-41 1.2077318443756855e-44 9.7190168254779638e-48 6.0911673271968137e-51
 3.41879090793651e-21 3.4872615319944465e-19 2.770274965784119e-17 1.713908431542013e-15 8.2580732855559203e-14 3.0988191387218256e-12 9.0560769896728672e-11 2.0611536224385579e-09 3.6534822137210456e-08 5.0434766256788803e-07 5.4222483706341527e-06 4.5399929762484854e-05 0.00029604473005685538 0.0015034391929775724 0.0059462173564720942 0.018315638888734179 0.04393693362340742 0.0820849986238988 0.11943296826671962 0.1353352832366127 0.11943296826671962 0.0820849986238988 0.04393693362340742 0.018315638888734179 0.0059462173564720942 0.0015034391929775724 0.00029604473005685538 4.5399929762484854e-05 5.4222483706341527e-06 5.0434766256788803e-07 3.6534822137210456e-08 2.0611536224385579e-09 9.0560769896728672e-11 3.0988191387218256e-12 8.2580732855559203e-14 1.713908431542013e-15 2.770274965784119e-17 3.4872615319944465e-19 3.41879090793651e-21 2.6102790696677047e-23 1.5521286709293938e-25 7.1877817390609889e-28 2.5923188649824402e-30 7.2812901783216435e-33 1.5927757593990872e-35 2.7134843139867624e-38 3.6001978876963372e-41 3.7200759760208361e-44 2.993667938075506e-47 1.8762116230810634e-50
 8.2012530442882376e-21 8.3655055327033309e-19 6.6455441729150706e-17 4.1114525925480338e-15 1.9810087980489796e-13 7.4336806723521883e-12 2.1724399350790171e-10 4.9444505019386442e-09 8.764248219443636e-08 1.2098671473041613e-06 1.300729765406762e-05 0.00010890876985506645 0.00071017438884254903 0.0036065631360157305 0.014264233908999256 0.04393693362340742 0.10539922456186433 0.19691167520419406 0.28650479686019009 0.32465246735834974 0.28650479686019009 0.19691167520419406 0.10539922456186433 0.04393693362340742 0.014264233908999256 0.0036065631360157305 0.00071017438884254903 0.00010890876985506645 1.300729765406762e-05 1.2098671473041613e-06 8.764248219443636e-08 4.9444505019386442e-09 2.1724399350790171e-10 7.4336806723521883e-12 1.9810087980489796e-13 4.1114525925480338e-15 6.6455441729150706e-17 8.3655055327033309e-19 8.2012530442882376e-21 6.2617339705852778e-23 3.7233631217505106e-25 1.7242592032261266e-27 6.2186496792912045e-30 1.7466907116981076e-32 3.8208704180521528e-35 6.5093104813901037e-38 8.6364257661872754e-41 8.9239983505569219e-44 7.1814360549907549e-47 4.5007977088630723e-50
 1.5321957845870205e-20 1.5628821893349888e-18 1.2415511035985842e-16 7.6812046852020953e-15 3.7010116785926721e-13 1.3887943864964021e-11 4.0586521264756932e-10 9.2374496619705944e-09 1.6373771305908126e-07 2.2603294069810542e-06 2.4300831259329461e-05 0.00020346836901064417 0.0013267804310269915 0.006737946999085467 0.026649097336355485 0.0820849986238988 0.19691167520419406 0.36787944117144233 0.53526142851899028 0.60653065971263342 0.53526142851899028 0.36787944117144233 0.19691167520419406 0.0820849986238988 0.026649097336355485 0.006737946999085467 0.0013267804310269915 0.00020346836901064417 2.4300831259329461e-05 2.2603294069810542e-06 1.6373771305908126e-07 9.2374496619705944e-09 4.0586521264756932e-10 1.3887943864964021e-11 3.7010116785926721e-13 7.6812046852020953e-15 1.2415511035985842e-16 1.5628821893349888e-18 1.5321957845870205e-20 1.1698459177061964e-22 6.9561581002626109e-25 3.2213402859925159e-27 1.161796712402298e-29 3.2632478610144009e-32 7.1383257123983004e-35 1.2160992992528256e-37 1.6134967524342862e-40 1.667222384255979e-43 1.3416688878294486e-46 8.4085971248036429e-50
 2.2293317120883141e-20 2.2739801675421068e-18 1.8064461965456932e-16 1.1176086870894152e-14 5.3849402177540356e-13 2.0206839090222171e-11 5.9053039989440393e-10 1.3440409951135022e-08 2.382369667501818e-07 3.2887598813664843e-06 3.5357500850409981e-05 0.00029604473005685538 0.0019304541362277093 0.0098036550358218278 0.038774207831722009 0.11943296826671962 0.28650479686019009 0.53526142851899028 0.77880078307140488 0.88249690258459546 0.77880078307140488 0.53526142851899028 0.28650479686019009 0.11943296826671962 0.038774207831722009 0.0098036550358218278 0.0019304541362277093 0.00029604473005685538 3.5357500850409981e-05 3.2887598813664843e-06 2.382369667501818e-07 1.3440409951135022e-08 5.9053039989440393e-10 2.0206839090222171e-11 5.3849402177540356e-13 1.1176086870894152e-14 1.8064461965456932e-16 2.2739801675421068e-18 2.2293317120883141e-20 1.7021157666886667e-22 1.0121150314608957e-24 4.687022459682852e-27 1.690404242076995e-29 4.7479976215471628e-32 1.0386202626287883e-34 1.7694140397360721e-37 2.3476239223062359e-40 2.4257942553517371e-43 1.9521167130521983e-46 1.2234436625572592e-49
 2.5261637809256925e-20 2.576757109154981e-18 2.0469717131642043e-16 1.2664165549094176e-14 6.1019366776053239e-13 2.289734845645553e-11 6.6915860912927816e-10 1.5229979744712629e-08 2.6995785033630141e-07 3.7266531720786709e-06 4.0065297392951069e-05 0.00033546262790251185 0.0021874911181828851 0.011108996538242306 0.04393693362340742 0.1353352832366127 0.32465246735834974 0.60653065971263342 0.88249690258459546 1 0.88249690258459546 0.60653065971263342 0.32465246735834974 0.1353352832366127 0.04393693362340742 0.011108996538242306 0.0021874911181828851 0.00033546262790251185 4.0065297392951069e-05 3.7266531720786709e-06 2.6995785033630141e-07 1.5229979744712629e-08 6.6915860912927816e-10 2.289734845645553e-11 6.1019366776053239e-13 1.2664165549094176e-14 2.0469717131642043e-16 2.576757109154981e-18 2.5261637809256925e-20 1.9287498479639178e-22 1.146876582225596e-24 5.3110922496790952e-27 1.9154789519671479e-29 5.3801861600211382e-32 1.1769109439216723e-34 2.0050087819616541e-37 2.6602064159439866e-40 2.7487850079102147e-43 2.2120380336009962e-46 1.3863432936411706e-49
 2.2293317120883141e-20 2.2739801675421068e-18 1.8064461965456932e-16 1.1176086870894152e-14 5.3849402177540356e-13 2.0206839090222171e-11 5.9053039989440393e-10 1.3440409951135022e-08 2.382369667501818e-07 3.2887598813664843e-06 3.5357500850409981e-05 0.00029604473005685538 0.0019304541362277093 0.0098036550358218278 0.038774207831722009 0.11943296826671962 0.28650479686019009 0.53526142851899028 0.77880078307140488 0.88249690258459546 0.77880078307140488 0.53526142851899028 0.28650479686019009 0.11943296826671962 0.038774207831722009 0.0098036550358218278 0.0019304541362277093 0.00029604473005685538 3.5357500850409981e-05 3.2887598813664843e-06 2.382369667501818e-07 1.3440409951135022e-08 5.9053039989440393e-10 2.0206839090222171e-11 5.3849402177540356e-13 1.1176086870894152e-14 1.8064461965456932e-16 2.2739801675421068e-18 2.2293317120883141e-20 1.7021157666886667e-22 1.0121150314608957e-24 4.687022459682852e-27 1.690404242076995e-29 4.7479976215471628e-32 1.0386202626287883e-34 1.7694140397360721e-37 2.3476239223062359e-40 2.4257942553517371e-43 1.9521167130521983e-46 1.2234436625572592e-49
 1.5321957845870205e-20 1.5628821893349888e-18 1.2415511035985842e-16 7.6812046852020953e-15 3.7010116785926721e-13 1.3887943864964021e-11 4.0586521264756932e-10 9.2374496619705944e-09 1.6373771305908126e-07 2.2603294069810542e-06 2.4300831259329461e-05 0.00020346836901064417 0.0013267804310269915 0.006737946999085467 0.026649097336355485 0.0820849986238988 0.19691167520419406 0.36787944117144233 0.53526142851899028 0.60653065971263342 0.53526142851899028 0.36787944117144233 0.19691167520419406 0.0820849986238988 0.026649097336355485 0.006737946999085467 0.0013267804310269915 0.00020346836901064417 2.4300831259329461e-05 2.2603294069810542e-06 1.6373771305908126e-07 9.2374496619705944e-09 4.0586521264756932e-10 1.3887943864964021e-11 3.7010116785926721e-13 7.6812046852020953e-15 1.2415511035985842e-16 1.5628821893349888e-18 1.5321957845870205e-20 1.1698459177061964e-22 6.9561581002626109e-25 3.2213402859925159e-27 1.161796712402298e-29 3.2632478610144009e-32 7.1383257123983004e-35 1.2160992992528256e-37 1.6134967524342862e-40 1.667222384255979e-43 1.3416688878294486e-46 8.4085971248036429e-50
 8.2012530442882376e-21 8.3655055327033309e-19 6.6455441729150706e-17 4.1114525925480338e-15 1.9810087980489796e-13 7.4336806723521883e-12 2.1724399350790171e-10 4.9444505019386442e-09 8.764248219443636e-08 1.2098671473041613e-06 1.300729765406762e-05 0.00010890876985506645 0.00071017438884254903 0.0036065631360157305 0.014264233908999256 0.04393693362340742 0.10539922456186433 0.19691167520419406 0.28650479686019009 0.32465246735834974 0.28650479686019009 0.19691167520419406 0.10539922456186433 0.04393693362340742 0.014264233908999256 0.0036065631360157305 0.00071017438884254903 0.00010890876985506645 1.300729765406762e-05 1.2098671473041613e-06 8.764248219443636e-08 4.9444505019386442e-09 2.1724399350790171e-10 7.4336806723521883e-12 1.9810087980489796e-13 4.1114525925480338e-15 6.6455441729150706e-17 8.3655055327033309e-19 8.2012530442882376e-21 6.2617339705852778e-23 3.7233631217505106e-25 1.7242592032261266e-27 6.2186496792912045e-30 1.7466907116981076e-32 3.8208704180521528e-35 6.5093104813901037e-38 8.6364257661872754e-41 8.9239983505569219e-44 7.1814360549907549e-47 4.5007977088630723e-50
 3.41879090793651e-21 3.4872615319944465e-19 2.770274965784119e-17 1.713908431542013e-15 8.2580732855559203e-14 3.0988191387218256e-12 9.0560769896728672e-11 2.0611536224385579e-09 3.6534822137210456e-08 5.0434766256788803e-07 5.4222483706341527e-06 4.5399929762484854e-05 0.00029604473005685538 0.0015034391929775724 0.0059462173564720942 0.018315638888734179 0.04393693362340742 0.0820849986238988 0.11943296826671962 0.1353352832366127 0.11943296826671962 0.0820849986238988 0.04393693362340742 0.018315638888734179 0.0059462173564720942 0.0015034391929775724 0.00029604473005685538 4.5399929762484854e-05 5.4222483706341527e-06 5.0434766256788803e-07 3.6534822137210456e-08 2.0611536224385579e-09 9.0560769896728672e-11 3.0988191387218256e-12 8.2580732855559203e-14 1.713908431542013e-15 2.770274965784119e-17 3.4872615319944465e-19 3.41879090793651e-21 2.6102790696677047e-23 1.5521286709293938e-25 7.1877817390609889e-28 2.5923188649824402e-30 7.2812901783216435e-33 1.5927757593990872e-35 2.7134843139867624e-38 3.6001978876963372e-41 3.7200759760208361e-44 2.993667938075506e-47 1.8762116230810634e-50
 1.1099189036438807e-21 1.1321480606858558e-19 8.9937660290288213e-18 5.5642460112639372e-16 2.6810038677818034e-14 1.0060392792833169e-12 2.9400777392844726e-11 6.6915860912927816e-10 1.186112015134383e-08 1.6373771305908126e-07 1.7603463121561693e-06 1.4739199215286483e-05 9.6111652061394695e-05 0.000488095243523415 0.0019304541362277093 0.0059462173564720942 0.014264233908999256 0.026649097336355485 0.038774207831722009 0.04393693362340742 0.038774207831722009 0.026649097336355485 0.014264233908999256 0.0059462173564720942 0.0019304541362277093 0.000488095243523415 9.6111652061394695e-05 1.4739199215286483e-05 1.7603463121561693e-06 1.6373771305908126e-07 1.186112015134383e-08 6.6915860912927816e-10 2.9400777392844726e-11 1.0060392792833169e-12 2.6810038677818034e-14 5.5642460112639372e-16 8.9937660290288213e-18 1.1321480606858558e-19 1.1099189036438807e-21 8.4743354046147798e-24 5.0390240267486375e-26 2.3335310764194399e-28 8.4160271569614579e-31 2.36388882194424e-33 5.1709858023748288e-36 8.8093937767398149e-39 1.1688131272189348e-41 1.2077318443756855e-44 9.7190168254779638e-48 6.0911673271968137e-51
 2.8063144697336614e-22 2.8625185805493937e-20 2.2739801675421068e-18 1.4068617124461467e-16 6.7786393428091307e-15 2.5436656473769228e-13 7.4336806723521883e-12 1.6918979226151304e-10 2.9989608248573072e-09 4.1399377187851668e-08 4.4508525004194189e-07 3.7266531720786709e-06 2.4300831259329461e-05 0.00012340980408667956 0.000488095243523415 0.0015034391929775724 0.0036065631360157305 0.006737946999085467 0.0098036550358218278 0.011108996538242306 0.0098036550358218278 0.006737946999085467 0.0036065631360157305 0.0015034391929775724 0.000488095243523415 0.00012340980408667956 2.4300831259329461e-05 3.7266531720786709e-06 4.4508525004194189e-07 4.1399377187851668e-08 2.9989608248573072e-09 1.6918979226151304e-10 7.4336806723521883e-12 2.5436656473769228e-13 6.7786393428091307e-15 1.4068617124461467e-16 2.2739801675421068e-18 2.8625185805493937e-20 2.8063144697336614e-22 2.1426475384166538e-24 1.2740647981735315e-26 5.9000905415970609e-29 2.1279049046479047e-31 5.9768469426773991e-34 1.3074299601845343e-36 2.2273635617957438e-39 2.9552223865731716e-42 3.0536243137246927e-45 2.4573522857733785e-48 1.5400882849875202e-51
 5.5259608338502481e-23 5.6366332899911276e-21 4.4777324417183015e-19 2.770274965784119e-17 1.3347932285976031e-15 5.0087746378435061e-14 1.4637785141259089e-12 3.3315445421664121e-11 5.9053039989440393e-10 8.1520207144701674e-09 8.764248219443636e-08 7.3382151901903473e-07 4.7851173921290088e-06 2.4300831259329461e-05 9.6111652061394695e-05 0.00029604473005685538 0.00071017438884254903 0.0013267804310269915 0.0019304541362277093 0.0021874911181828851 0.0019304541362277093 0.0013267804310269915 0.00071017438884254903 0.00029604473005685538 9.6111652061394695e-05 2.4300831259329461e-05 4.7851173921290088e-06 7.3382151901903473e-07 8.764248219443636e-08 8.1520207144701674e-09 5.9053039989440393e-10 3.3315445421664121e-11 1.4637785141259089e-12 5.0087746378435061e-14 1.3347932285976031e-15 2.770274965784119e-17 4.4777324417183015e-19 5.6366332899911276e-21 5.5259608338502481e-23 4.2191231616176603e-25 2.508782337270435e-27 1.161796712402298e-29 4.1900931944943974e-32 1.1769109439216723e-34 2.5744822367208939e-37 4.3859389024198029e-40 5.8191779074105959e-43 6.0129427905978667e-46 4.8388135515849137e-49 3.0326136415924683e-52
 8.4743354046147798e-24 8.6440571130360953e-22 6.8668251014017068e-20 4.2483542552915889e-18 2.0469717131642043e-16 7.6812046852020953e-15 2.2447770550209742e-13 5.1090890280633251e-12 9.0560769896728672e-11 1.2501528663867426e-09 1.3440409951135022e-08 1.1253517471925912e-07 7.3382151901903473e-07 3.7266531720786709e-06 1.4739199215286483e-05 4.5399929762484854e-05 0.00010890876985506645 0.00020346836901064417 0.00029604473005685538 0.00033546262790251185 0.00029604473005685538 0.00020346836901064417 0.00010890876985506645 4.5399929762484854e-05 1.4739199215286483e-05 3.7266531720786709e-06 7.3382151901903473e-07 1.1253517471925912e-07 1.3440409951135022e-08 1.2501528663867426e-09 9.0560769896728672e-11 5.1090890280633251e-12 2.2447770550209742e-13 7.6812046852020953e-15 2.0469717131642043e-16 4.2483542552915889e-18 6.8668251014017068e-20 8.6440571130360953e-22 8.4743354046147798e-24 6.4702349256454599e-26 3.8473423215324969e-28 1.7816729631100128e-30 6.4257160291884872e-33 1.8048513878454153e-35 3.9480963805518991e-38 6.7260551496447082e-41 8.9239983505569219e-44 9.2211464229258756e-47 7.4205609177209493e-50 4.650663644598907e-53
 1.0121150314608957e-24 1.0323853988769519e-22 8.2012530442882376e-21 5.0739355895802364e-19 2.444759076612131e-17 9.1738907541791984e-16 2.6810038677818034e-14 6.1019366776053239e-13 1.0815941557285693e-11 1.4930946761971641e-10 1.6052280551856116e-09 1.3440409951135022e-08 8.764248219443636e-08 4.4508525004194189e-07 1.7603463121561693e-06 5.4222483706341527e-06 1.300729765406762e-05 2.4300831259329461e-05 3.5357500850409981e-05 4.0065297392951069e-05 3.5357500850409981e-05 2.4300831259329461e-05 1.300729765406762e-05 5.4222483706341527e-06 1.7603463121561693e-06 4.4508525004194189e-07 8.764248219443636e-08 1.3440409951135022e-08 1.6052280551856116e-09 1.4930946761971641e-10 1.0815941557285693e-11 6.1019366776053239e-13 2.6810038677818034e-14 9.1738907541791984e-16 2.444759076612131e-17 5.0739355895802364e-19 8.2012530442882376e-21 1.0323853988769519e-22 1.0121150314608957e-24 7.7275936255283521e-27 4.5949951339879807e-29 2.1279049046479047e-31 7.6744233860502013e-34 2.1555875853068632e-36 4.7153286973240558e-39 8.0331273124772244e-42 1.065819611814323e-44 1.1013088881120811e-47 8.8625961660742597e-51 5.5544256348456791e-54
 9.414136267376981e-26 9.6026800545086756e-24 7.6283536280186938e-22 4.7194952715261231e-20 2.2739801675421068e-18 8.5330476257440658e-17 2.4937220533353759e-15 5.6756852326327227e-14 1.0060392792833169e-12 1.3887943864964021e-11 1.4930946761971641e-10 1.2501528663867426e-09 8.1520207144701674e-09 4.1399377187851668e-08 1.6373771305908126e-07 5.0434766256788803e-07 1.2098671473041613e-06 2.2603294069810542e-06 3.2887598813664843e-06 3.7266531720786709e-06 3.2887598813664843e-06 2.2603294069810542e-06 1.2098671473041613e-06 5.0434766256788803e-07 1.6373771305908126e-07 4.1399377187851668e-08 8.1520207144701674e-09 1.2501528663867426e-09 1.4930946761971641e-10 1.3887943864964021e-11 1.0060392792833169e-12 5.6756852326327227e-14 2.4937220533353759e-15 8.5330476257440658e-17 2.2739801675421068e-18 4.7194952715261231e-20 7.6283536280186938e-22 9.6026800545086756e-24 9.414136267376981e-26 7.1877817390609889e-28 4.2740112531337627e-30 1.9792598779469045e-32 7.1383257123983004e-35 2.0050087819616541e-37 4.3859389024198029e-40 7.4719723373429907e-43 9.9136666783616887e-46 1.0243768369090897e-48 8.2434985546778182e-52 5.166420632837861e-55
 6.8195774389612351e-27 6.9561581002626109e-25 5.5259608338502481e-23 3.41879090793651e-21 1.6472657083745667e-19 6.1813189677059647e-18 1.8064461965456932e-16 4.1114525925480338e-15 7.2877240958196922e-14 1.0060392792833169e-12 1.0815941557285693e-11 9.0560769896728672e-11 5.9053039989440393e-10 2.9989608248573072e-09 1.186112015134383e-08 3.6534822137210456e-08 8.764248219443636e-08 1.6373771305908126e-07 2.382369667501818e-07 2.6995785033630141e-07 2.382369667501818e-07 1.6373771305908126e-07 8.764248219443636e-08 3.6534822137210456e-08 1.186112015134383e-08 2.9989608248573072e-09 5.9053039989440393e-10 9.0560769896728672e-11 1.0815941557285693e-11 1.0060392792833169e-12 7.2877240958196922e-14 4.1114525925480338e-15 1.8064461965456932e-16 6.1813189677059647e-18 1.6472657083745667e-19 3.41879090793651e-21 5.5259608338502481e-23 6.9561581002626109e-25 6.8195774389612351e-27 5.2068116279280745e-29 3.0960833673866636e-31 1.4337710466611597e-33 5.1709858023748288e-36 1.4524234901684268e-38 3.1771634845836208e-41 5.4126786068377417e-44 7.1814360549907549e-47 7.4205609177209493e-50 5.9715703241306423e-53 3.7425425537951834e-56
 3.8473423215324969e-28 3.9243958579474628e-26 3.1175337729490539e-24 1.9287498479639178e-22 9.2932372003448156e-21 3.4872615319944465e-19 1.0191272063038982e-17 2.3195228302435696e-16 4.1114525925480338e-15 5.6756852326327227e-14 6.1019366776053239e-13 5.1090890280633251e-12 3.3315445421664121e-11 1.6918979226151304e-10 6.6915860912927816e-10 2.0611536224385579e-09 4.9444505019386442e-09 9.2374496619705944e-09 1.3440409951135022e-08 1.5229979744712629e-08 1.3440409951135022e-08 9.2374496619705944e-09 4.9444505019386442e-09 2.0611536224385579e-09 6.6915860912927816e-10 1.6918979226151304e-10 3.3315445421664121e-11 5.1090890280633251e-12 6.1019366776053239e-13 5.6756852326327227e-14 4.1114525925480338e-15 2.3195228302435696e-16 1.0191272063038982e-17 3.4872615319944465e-19 9.2932372003448156e-21 1.9287498479639178e-22 3.1175337729490539e-24 3.9243958579474628e-26 3.8473423215324969e-28 2.9374821117108028e-30 1.7466907116981076e-32 8.088782738491285e-35 2.9172705639883036e-37 8.1940126239905147e-40 1.7924329837257689e-42 3.0536243137246927e-45 4.0514889831581489e-48 4.1863939993042314e-51 3.3689294446277123e-54 2.1113980281373221e-57
 1.690404242076995e-29 1.7242592032261266e-27 1.3697487445079347e-25 8.4743354046147798e-24 4.0831634601813078e-22 1.5321957845870205e-20 4.4777324417183015e-19 1.0191272063038982e-17 1.8064461965456932e-16 2.4937220533353759e-15 2.6810038677818034e-14 2.2447770550209742e-13 1.4637785141259089e-12 7.4336806723521883e-12 2.9400777392844726e-11 9.0560769896728672e-11 2.1724399350790171e-10 4.0586521264756932e-10 5.9053039989440393e-10 6.6915860912927816e-10 5.9053039989440393e-10 4.0586521264756932e-10 2.1724399350790171e-10 9.0560769896728672e-11 2.9400777392844726e-11 7.4336806723521883e-12 1.4637785141259089e-12 2.2447770550209742e-13 2.6810038677818034e-14 2.4937220533353759e-15 1.8064461965456932e-16 1.0191272063038982e-17 4.4777324417183015e-19 1.5321957845870205e-20 4.0831634601813078e-22 8.4743354046147798e-24 1.3697487445079347e-25 1.7242592032261266e-27 1.690404242076995e-29 1.290639565621842e-31 7.6744233860502013e-34 3.5539631027525527e-36 1.2817592313147442e-38 3.6001978876963372e-41 7.8754009030365214e-44 1.3416688878294486e-46 1.78010002528986e-49 1.8393731526886113e-52 1.4802042939055061e-55 9.2768355014862829e-59
 5.7842452349932771e-31 5.9000905415970609e-29 4.687022459682852e-27 2.899758114878488e-25 1.3971817036635567e-23 5.2428856633634639e-22 1.5321957845870205e-20 3.4872615319944465e-19 6.1813189677059647e-18 8.5330476257440658e-17 9.1738907541791984e-16 7.6812046852020953e-15 5.0087746378435061e-14 2.5436656473769228e-13 1.0060392792833169e-12 3.0988191387218256e-12 7.4336806723521883e-12 1.3887943864964021e-11 2.0206839090222171e-11 2.289734845645553e-11 2.0206839090222171e-11 1.3887943864964021e-11 7.4336806723521883e-12 3.0988191387218256e-12 1.0060392792833169e-12 2.5436656473769228e-13 5.0087746378435061e-14 7.6812046852020953e-15 9.1738907541791984e-16 8.5330476257440658e-17 6.1813189677059647e-18 3.4872615319944465e-19 1.5321957845870205e-20 5.2428856633634639e-22 1.3971817036635567e-23 2.899758114878488e-25 4.687022459682852e-27 5.9000905415970609e-29 5.7842452349932771e-31 4.4163257354165447e-33 2.6260432739768248e-35 1.2160992992528256e-37 4.3859389024198029e-40 1.2319199726660341e-42 2.6948139985190523e-45 4.5909384738829458e-48 6.0911673271968137e-51 6.293988815800106e-54 5.0649805654294692e-57 3.1743585474772134e-60
 1.5414491428468625e-32 1.5723208713633045e-30 1.2490491774577263e-28 7.7275936255283521e-27 3.7233631217505106e-25 1.3971817036635567e-23 4.0831634601813078e-22 9.2932372003448156e-21 1.6472657083745667e-19 2.2739801675421068e-18 2.444759076612131e-17 2.0469717131642043e-16 1.3347932285976031e-15 6.7786393428091307e-15 2.6810038677818034e-14 8.2580732855559203e-14 1.9810087980489796e-13 3.7010116785926721e-13 5.3849402177540356e-13 6.1019366776053239e-13 5.3849402177540356e-13 3.7010116785926721e-13 1.9810087980489796e-13 8.2580732855559203e-14 2.6810038677818034e-14 6.7786393428091307e-15 1.3347932285976031e-15 2.0469717131642043e-16 2.444759076612131e-17 2.2739801675421068e-18 1.6472657083745667e-19 9.2932372003448156e-21 4.0831634601813078e-22 1.3971817036635567e-23 3.7233631217505106e-25 7.7275936255283521e-27 1.2490491774577263e-28 1.5723208713633045e-30 1.5414491428468625e-32 1.1769109439216723e-34 6.9981682817690036e-37 3.2407948596462244e-39 1.1688131272189348e-41 3.2829555262177533e-44 7.1814360549907549e-47 1.2234436625572592e-49 1.6232411099449617e-52 1.6772912058618981e-55 1.3497716009487877e-58 8.4593789912212272e-62
